   0    0    0    0    0    0    0    0 
   0    0    0    0    0    0    0    0 
   0    0    0    0    0    0    0    0 
   0    0    0    0    0    0    0    0 
   0    0    0    0    0    0    0    0 
   0    0    0    0    0    0    0    0 
   0    0    0    0    0    0    0    0 
   0    0    0    0    0    0    0    0 
   0    0    0    0    0    0    0    0 
   0    0    0    0    0    0    0    0 
   0    0    0    0    0    0    0    0 
   0    0    0    0    0    0    0    0 

   0    0    0    0    0    0    0    0 
   0    0    0    1    5    5    1    0 
   0    0    0    5   23   23    5    0 
   0    0    0    5   23   23    5    0 
   0    0    0    5   23   23    5    0 
   0    0    0    0    0    0    0    0 
   0    0    0    0    0    0    0    0 
   0    0    0    0    0    0    0    0 
   0    0    0    0    0    0    0    0 
   0    0    0    0    0    0    0    0 
   0    0    0    0    0    0    0    0 
   0    0    0    0    0    0    0    0 

   0    0    0    0    0    0    0    0 
   0    0    0    2    8    8    2    0 
   0    0    0    8   28   28    8    0 
   0    0    0    8   28   28    8    0 
   0    0    0    8   28   28    8    0 
   0    0    0    0   28   28    0    0 
   0    0    0    0    0    0    0    0 
   0    0    0    0    0    0    0    0 
   0    0    0    0    0    0    0    0 
   0    0    0    0    0    0    0    0 
   0    0    0    0    0    0    0    0 
   0    0    0    0    0    0    0    0 

   0    0    0    0    0    0    0    0 
   0    0    0    1    4    4    1    0 
   0    0    0    4   10   10    4    0 
   0    0    0    4   10   10    4    0 
   0    0    0    4   10   10    4    0 
   0    0    0    0    0    0    0    0 
   0    0    0    0    0    0    0    0 
   0    0    0    0    0    0    0    0 
   0    0    0    0    0    0    0    0 
   0    0    0    0    0    0    0    0 
   0    0    0    0    0    0    0    0 
   0    0    0    0    0    0    0    0 

   0    0    0    0    0    0    0    0 
   0    0    0    0    0    0    0    0 
   0    0    0    0    0    0    0    0 
   0    0    0    0    0    0    0    0 
   0    0    0    0    0    0    0    0 
   0    0    0    0    0    0    0    0 
   0    0    0    0    0    0    0    0 
   0    0    0    0    0    0    0    0 
   0    0    0    0    0    0    0    0 
   0    0    0    0    0    0    0    0 
   0    0    0    0    0    0    0    0 
   0    0    0    0    0    0    0    0 

